{
  "advancedEditorSelectedIdentifier" : "ProjectBrowser",
  "openSceneRelativePaths" : [
    "Immersive.usda",
    "Scene.usda"
  ],
  "recentIdentifiers" : {
    "AF09ED6F-1707-48FD-8720-65B998362C09" : [

    ],
    "D66134B1-3681-4A8E-AFE5-29F257229F3B" : [

    ]
  },
  "sceneCameraHistory" : {
    "AF09ED6F-1707-48FD-8720-65B998362C09" : [
      {
        "date" : 758427467.524539,
        "title" : "Untitled",
        "transform" : [
          -0.9841803,
          5.966569e-08,
          -0.17716998,
          0,
          -0.0003662268,
          0.9999979,
          0.0020347286,
          0,
          0.1771696,
          0.0020674241,
          -0.9841782,
          0,
          0.05026391,
          0.00066464534,
          -0.27161908,
          1
        ]
      },
      {
        "date" : 758427462.17757,
        "title" : "Untitled",
        "transform" : [
          -0.9841803,
          5.96512e-08,
          -0.17716998,
          0,
          -0.0003662268,
          0.9999979,
          0.0020347286,
          0,
          0.1771696,
          0.0020674241,
          -0.9841782,
          0,
          0.503989,
          0.006021559,
          -2.4629924,
          1
        ]
      },
      {
        "date" : 758427178.363666,
        "title" : "Untitled",
        "transform" : [
          -0.9841803,
          5.96512e-08,
          -0.17716998,
          0,
          -0.0003662268,
          0.9999979,
          0.0020347286,
          0,
          0.1771696,
          0.0020674241,
          -0.9841782,
          0,
          0.050263166,
          0.00066405535,
          -0.2716179,
          1
        ]
      },
      {
        "date" : 758427116.854129,
        "title" : "Untitled",
        "transform" : [
          -0.98418033,
          5.966091e-08,
          -0.17717001,
          0,
          -0.00036624743,
          0.99999785,
          0.002034725,
          0,
          0.17716967,
          0.0020675873,
          -0.9841781,
          0,
          2.3884099,
          0.75491446,
          -8.512439,
          1
        ]
      },
      {
        "date" : 758427110.171375,
        "title" : "Untitled",
        "transform" : [
          0.43590122,
          6.402862e-08,
          0.89999455,
          0,
          -0.60766953,
          0.7376416,
          0.2943172,
          0,
          -0.6638734,
          -0.6751924,
          0.32153884,
          0,
          -6.658643,
          -5.3999295,
          2.2889404,
          1
        ]
      },
      {
        "date" : 758427107.189559,
        "title" : "Untitled",
        "transform" : [
          0.43590122,
          6.402862e-08,
          0.89999455,
          0,
          -0.60766953,
          0.7376416,
          0.2943172,
          0,
          -0.6638734,
          -0.6751924,
          0.32153884,
          0,
          -6.7767487,
          -5.145435,
          2.5794756,
          1
        ]
      },
      {
        "date" : 758427103.963024,
        "title" : "Untitled",
        "transform" : [
          0.4359011,
          2.7444727e-08,
          0.8999945,
          0,
          -0.60766953,
          0.7376416,
          0.29431713,
          0,
          -0.66387343,
          -0.6751924,
          0.32153878,
          0,
          -6.7767487,
          -5.145434,
          2.5794756,
          1
        ]
      },
      {
        "date" : 758427101.333826,
        "title" : "Untitled",
        "transform" : [
          0.43590114,
          -8.479809e-09,
          0.8999946,
          0,
          -0.60766953,
          0.7376417,
          0.29431713,
          0,
          -0.6638735,
          -0.6751924,
          0.3215388,
          0,
          -1.1859366,
          -0.2494405,
          0.39487007,
          1
        ]
      },
      {
        "date" : 758425402.945975,
        "title" : "Untitled",
        "transform" : [
          0.7212843,
          -9.748757e-09,
          0.69263923,
          0,
          0.2604296,
          0.92662126,
          -0.2712,
          0,
          -0.6418143,
          0.37599602,
          0.66835725,
          0,
          -0.3360534,
          0.43190286,
          0.15505368,
          1
        ]
      },
      {
        "date" : 758425399.526348,
        "title" : "Untitled",
        "transform" : [
          0.7212843,
          -9.748757e-09,
          0.69263923,
          0,
          0.2604296,
          0.92662126,
          -0.2712,
          0,
          -0.6418143,
          0.37599602,
          0.66835725,
          0,
          -0.30739295,
          0.20024793,
          0.3128968,
          1
        ]
      }
    ],
    "D66134B1-3681-4A8E-AFE5-29F257229F3B" : [
      {
        "date" : 758427551.922865,
        "title" : "Untitled",
        "transform" : [
          0.2766113,
          -1.0337906e-05,
          0.96098185,
          0,
          0.96039647,
          0.034899596,
          -0.27644244,
          0,
          -0.033535022,
          0.9993907,
          0.0096634785,
          0,
          -1.5297347,
          32.711823,
          0.769702,
          1
        ]
      },
      {
        "date" : 758427543.286863,
        "title" : "Untitled",
        "transform" : [
          0.9584279,
          -1.0357118e-05,
          0.28533468,
          0,
          0.10948773,
          0.92346406,
          -0.36773142,
          0,
          -0.26349264,
          0.38368472,
          0.8850749,
          0,
          -8.38566,
          12.066967,
          29.275671,
          1
        ]
      },
      {
        "date" : 758427291.665261,
        "title" : "Untitled",
        "transform" : [
          0.958428,
          -1.0357119e-05,
          0.2853347,
          0,
          0.10948773,
          0.92346406,
          -0.36773142,
          0,
          -0.26349264,
          0.38368472,
          0.8850749,
          0,
          -0.8302032,
          1.0650313,
          3.896722,
          1
        ]
      },
      {
        "date" : 758427219.729677,
        "title" : "Untitled",
        "transform" : [
          -0.13035351,
          -1.035498e-05,
          0.99146765,
          0,
          0.08371038,
          0.9964293,
          0.011016242,
          0,
          -0.9879275,
          0.08443211,
          -0.12988721,
          0,
          -4.113513,
          -0.19423108,
          -0.22193725,
          1
        ]
      },
      {
        "date" : 758427203.972066,
        "title" : "Untitled",
        "transform" : [
          0.9998982,
          -1.6303328e-07,
          0.014270022,
          0,
          0.0067496826,
          0.88106936,
          -0.4729391,
          0,
          -0.012572802,
          0.47298723,
          0.8809796,
          0,
          0.015698567,
          1.9050251,
          3.6495402,
          1
        ]
      },
      {
        "date" : 758427201.632384,
        "title" : "Untitled",
        "transform" : [
          0.98911303,
          2.3126628e-08,
          0.14715739,
          0,
          0.0031754093,
          0.9997671,
          -0.021343555,
          0,
          -0.14712313,
          0.021578476,
          0.9888828,
          0,
          0.015765574,
          1.9147952,
          3.6651177,
          1
        ]
      },
      {
        "date" : 758425515.823931,
        "title" : "Untitled",
        "transform" : [
          0.9999879,
          7.82609e-08,
          -0.004922848,
          0,
          -0.0025626242,
          0.85383505,
          -0.5205373,
          0,
          0.00420326,
          0.52054363,
          0.85382473,
          0,
          0.0013559668,
          0.16468786,
          0.31522974,
          1
        ]
      },
      {
        "date" : 758425411.955949,
        "title" : "Untitled",
        "transform" : [
          0.9999879,
          7.82609e-08,
          -0.004922848,
          0,
          -0.0025626242,
          0.85383505,
          -0.5205373,
          0,
          0.00420326,
          0.52054363,
          0.85382473,
          0,
          0.0005063456,
          0.0614978,
          0.1177132,
          1
        ]
      },
      {
        "date" : 758425409.645912,
        "title" : "Untitled",
        "transform" : [
          0.9999879,
          7.861015e-08,
          -0.0049228487,
          0,
          -0.0025626244,
          0.85383505,
          -0.5205373,
          0,
          0.0042032595,
          0.52054363,
          0.85382473,
          0,
          0.0004711151,
          0.06150818,
          0.11773682,
          1
        ]
      },
      {
        "date" : 758425384.697895,
        "title" : "Untitled",
        "transform" : [
          0.9999879,
          7.867384e-08,
          -0.0049228487,
          0,
          -0.002562586,
          0.8538351,
          -0.5205373,
          0,
          0.004203195,
          0.5205436,
          0.8538247,
          0,
          -16.27811,
          108.47409,
          344.50348,
          1
        ]
      }
    ]
  },
  "sceneViewportBackgroundColors" : {

  },
  "selectedSceneRelativePath" : "Scene.usda"
}